  t1l[MeV]   th1l[deg]   ph1l[deg] t2l[MeV]   th2l[deg]   ph2l[deg] pbl[MeV/c] thbl[deg]   phbl[deg] pr[MeV/c] isol tdx[ub/(MeVsr2)]      Ay
   30.0000    70.0000     0.0000    63.7736    46.3000   180.0000   298.8877   112.2719     0.0000  -298.8877   1     0.94752E-01        0.0000
   31.0000    70.0000     0.0000    62.9188    46.3000   180.0000   291.5571   112.4640     0.0000  -291.5571   1     0.10317E+00        0.0000
   32.0000    70.0000     0.0000    62.0604    46.3000   180.0000   284.2270   112.6540     0.0000  -284.2270   1     0.11205E+00        0.0000
   33.0000    70.0000     0.0000    61.1985    46.3000   180.0000   276.8942   112.8420     0.0000  -276.8942   1     0.12189E+00        0.0000
   34.0000    70.0000     0.0000    60.3330    46.3000   180.0000   269.5557   113.0283     0.0000  -269.5557   1     0.13264E+00        0.0000
   35.0000    70.0000     0.0000    59.4641    46.3000   180.0000   262.2085   113.2129     0.0000  -262.2085   1     0.14451E+00        0.0000
   36.0000    70.0000     0.0000    58.5917    46.3000   180.0000   254.8498   113.3961     0.0000  -254.8498   1     0.15776E+00        0.0000
   37.0000    70.0000     0.0000    57.7160    46.3000   180.0000   247.4767   113.5781     0.0000  -247.4767   1     0.17277E+00        0.0000
   38.0000    70.0000     0.0000    56.8368    46.3000   180.0000   240.0865   113.7588     0.0000  -240.0865   1     0.19004E+00        0.0000
   39.0000    70.0000     0.0000    55.9544    46.3000   180.0000   232.6764   113.9386     0.0000  -232.6764   1     0.21040E+00        0.0000
   40.0000    70.0000     0.0000    55.0686    46.3000   180.0000   225.2436   114.1176     0.0000  -225.2436   1     0.23466E+00        0.0000
   41.0000    70.0000     0.0000    54.1794    46.3000   180.0000   217.7854   114.2958     0.0000  -217.7854   1     0.26362E+00        0.0000
   42.0000    70.0000     0.0000    53.2869    46.3000   180.0000   210.2991   114.4735     0.0000  -210.2991   1     0.29869E+00        0.0000
   43.0000    70.0000     0.0000    52.3911    46.3000   180.0000   202.7819   114.6509     0.0000  -202.7819   1     0.34216E+00        0.0000
   44.0000    70.0000     0.0000    51.4920    46.3000   180.0000   195.2310   114.8280     0.0000  -195.2310   1     0.39692E+00        0.0000
   45.0000    70.0000     0.0000    50.5894    46.3000   180.0000   187.6435   115.0051     0.0000  -187.6435   1     0.46752E+00        0.0000
   46.0000    70.0000     0.0000    49.6835    46.3000   180.0000   180.0166   115.1823     0.0000  -180.0166   1     0.55989E+00        0.0000
   47.0000    70.0000     0.0000    48.7742    46.3000   180.0000   172.3472   115.3598     0.0000  -172.3472   1     0.68191E+00        0.0000
   48.0000    70.0000     0.0000    47.8614    46.3000   180.0000   164.6323   115.5378     0.0000  -164.6323   1     0.84385E+00        0.0000
   49.0000    70.0000     0.0000    46.9451    46.3000   180.0000   156.8687   115.7167     0.0000  -156.8687   1     0.10587E+01        0.0000
   50.0000    70.0000     0.0000    46.0254    46.3000   180.0000   149.0532   115.8966     0.0000  -149.0532   1     0.13425E+01        0.0000
   51.0000    70.0000     0.0000    45.1020    46.3000   180.0000   141.1824   116.0779     0.0000  -141.1824   1     0.17149E+01        0.0000
   52.0000    70.0000     0.0000    44.1750    46.3000   180.0000   133.2527   116.2609     0.0000  -133.2527   1     0.21982E+01        0.0000
   53.0000    70.0000     0.0000    43.2443    46.3000   180.0000   125.2604   116.4461     0.0000  -125.2604   1     0.28178E+01        0.0000
   54.0000    70.0000     0.0000    42.3099    46.3000   180.0000   117.2016   116.6341     0.0000  -117.2016   1     0.36003E+01        0.0000
   55.0000    70.0000     0.0000    41.3716    46.3000   180.0000   109.0722   116.8256     0.0000  -109.0722   1     0.45719E+01        0.0000
   56.0000    70.0000     0.0000    40.4294    46.3000   180.0000   100.8679   117.0215     0.0000  -100.8679   1     0.57551E+01        0.0000
   57.0000    70.0000     0.0000    39.4832    46.3000   180.0000    92.5841   117.2230     0.0000   -92.5841   1     0.71650E+01        0.0000
   58.0000    70.0000     0.0000    38.5328    46.3000   180.0000    84.2159   117.4320     0.0000   -84.2159   1     0.88032E+01        0.0000
   59.0000    70.0000     0.0000    37.5782    46.3000   180.0000    75.7582   117.6508     0.0000   -75.7582   1     0.10653E+02        0.0000
   60.0000    70.0000     0.0000    36.6193    46.3000   180.0000    67.2053   117.8833     0.0000   -67.2053   1     0.12676E+02        0.0000
   61.0000    70.0000     0.0000    35.6558    46.3000   180.0000    58.5512   118.1356     0.0000   -58.5512   1     0.14806E+02        0.0000
   62.0000    70.0000     0.0000    34.6876    46.3000   180.0000    49.7897   118.4181     0.0000   -49.7897   1     0.16950E+02        0.0000
   63.0000    70.0000     0.0000    33.7146    46.3000   180.0000    40.9137   118.7508     0.0000   -40.9137   1     0.18989E+02        0.0000
   64.0000    70.0000     0.0000    32.7366    46.3000   180.0000    31.9159   119.1763     0.0000   -31.9159   1     0.20782E+02        0.0000
   65.0000    70.0000     0.0000    31.7534    46.3000   180.0000    22.7887   119.8077     0.0000   -22.7887   1     0.22169E+02        0.0000
   66.0000    70.0000     0.0000    30.7647    46.3000   180.0000    13.5253   121.0730     0.0000   -13.5253   1     0.22993E+02        0.0000
   67.0000    70.0000     0.0000    29.7702    46.3000   180.0000     4.1397   127.3348     0.0000    -4.1397   1     0.23129E+02        0.0000
   68.0000    70.0000     0.0000    28.7698    46.3000   180.0000     5.5242    67.7712   180.0000     5.5242   1     0.22531E+02        0.0000
   69.0000    70.0000     0.0000    27.7630    46.3000   180.0000    15.2539    63.4055   180.0000    15.2539   1     0.21252E+02        0.0000
   70.0000    70.0000     0.0000    26.7495    46.3000   180.0000    25.1881    62.2823   180.0000    25.1881   1     0.19403E+02        0.0000
   71.0000    70.0000     0.0000    25.7289    46.3000   180.0000    35.3272    61.6781   180.0000    35.3272   1     0.17090E+02        0.0000
   72.0000    70.0000     0.0000    24.7008    46.3000   180.0000    45.6866    61.2500   180.0000    45.6866   1     0.14399E+02        0.0000
   73.0000    70.0000     0.0000    23.6645    46.3000   180.0000    56.2857    60.9010   180.0000    56.2857   1     0.11488E+02        0.0000
   74.0000    70.0000     0.0000    22.6195    46.3000   180.0000    67.1467    60.5928   180.0000    67.1467   1     0.86445E+01        0.0000
   75.0000    70.0000     0.0000    21.5651    46.3000   180.0000    78.2959    60.3070   180.0000    78.2959   1     0.61767E+01        0.0000
   76.0000    70.0000     0.0000    20.5004    46.3000   180.0000    89.7637    60.0336   180.0000    89.7637   1     0.42337E+01        0.0000
   77.0000    70.0000     0.0000    19.4245    46.3000   180.0000   101.5860    59.7662   180.0000   101.5860   1     0.27566E+01        0.0000
   78.0000    70.0000     0.0000    18.3362    46.3000   180.0000   113.8061    59.5007   180.0000   113.8061   1     0.16477E+01        0.0000
   79.0000    70.0000     0.0000    17.2341    46.3000   180.0000   126.4757    59.2338   180.0000   126.4757   1     0.89030E+00        0.0000
   80.0000    70.0000     0.0000    16.1164    46.3000   180.0000   139.6591    58.9627   180.0000   139.6591   1     0.48131E+00        0.0000
