1    20.0      0.1                 1
    392.00
  0.157054592110E+02 -0.390562111093E+02 -0.730420203437E+00  0.494556810622E+00                      0.852010474085E+00  0.651029092006E-01
  0.157013733392E+02 -0.389492931261E+02 -0.741168839934E+00  0.498782152089E+00                      0.852302935981E+00  0.649373790742E-01
  0.156972874673E+02 -0.388423751429E+02 -0.751917476430E+00  0.503007493555E+00                      0.852595397876E+00  0.647718489479E-01
  0.156883826722E+02 -0.386623472707E+02 -0.769757652653E+00  0.509911651831E+00                      0.853092100371E+00  0.644929217490E-01
  0.156716836054E+02 -0.384067268220E+02 -0.794706876769E+00  0.519400535469E+00                      0.853806949630E+00  0.640961074218E-01
  0.156428855190E+02 -0.380721804310E+02 -0.826684774762E+00  0.531278245472E+00                      0.854759387882E+00  0.635752816317E-01
  0.155963632765E+02 -0.376547851612E+02 -0.865515431111E+00  0.545267268366E+00                      0.855974280306E+00  0.629228716388E-01
  0.155251466409E+02 -0.371503136334E+02 -0.910870765865E+00  0.560991649175E+00                      0.857481643991E+00  0.621301280498E-01
  0.154209365153E+02 -0.365545868957E+02 -0.962201057339E+00  0.577959718720E+00                      0.859316120145E+00  0.611875036851E-01
  0.152741855603E+02 -0.358638831205E+02 -0.101865538807E+01  0.595549321856E+00                      0.861516068736E+00  0.600851605264E-01
  0.150742648871E+02 -0.350753764600E+02 -0.107899821638E+01  0.612999597581E+00                      0.864122150465E+00  0.588136208754E-01
  0.148097333934E+02 -0.341875645226E+02 -0.114153299112E+01  0.629414362155E+00                      0.867175263305E+00  0.573645676757E-01
  0.144687193776E+02 -0.332006293979E+02 -0.120404929865E+01  0.643782598928E+00                      0.870713732079E+00  0.557317799801E-01
  0.140394195636E+02 -0.321166728197E+02 -0.126381524232E+01  0.655020867577E+00                      0.874769723104E+00  0.539121624715E-01
  0.135107246032E+02 -0.309397785782E+02 -0.131763941483E+01  0.662039998948E+00                      0.879364982787E+00  0.519067947222E-01
  0.128729963204E+02 -0.296758892746E+02 -0.136202393816E+01  0.663833915164E+00                      0.884506179487E+00  0.497218917304E-01
  0.121190446875E+02 -0.283325361618E+02 -0.139341867838E+01  0.659582190275E+00                      0.890180343065E+00  0.473695409648E-01
  0.112453591941E+02 -0.269185141826E+02 -0.140856570166E+01  0.648751469648E+00                      0.896351099983E+00  0.448680737220E-01
  0.102536023000E+02 -0.254436235190E+02 -0.140489495070E+01  0.631176483687E+00                      0.902956521302E+00  0.422419499443E-01
  0.915224007347E+01 -0.239185796689E+02 -0.138090466538E+01  0.607101695328E+00                      0.909909354670E+00  0.395210897248E-01
  0.795797836981E+01 -0.223551205289E+02 -0.133644469118E+01  0.577170999230E+00                      0.917100142047E+00  0.367396652529E-01
  0.669647709559E+01 -0.207662355635E+02 -0.127282811545E+01  0.542364289894E+00                      0.924403240863E+00  0.339344567111E-01
  0.540177124165E+01 -0.191663570693E+02 -0.119272999358E+01  0.503892500281E+00                      0.931685166415E+00  0.311429511111E-01
  0.411404953986E+01 -0.175713333383E+02 -0.109988312736E+01  0.463072145614E+00                      0.938814130860E+00  0.284014033483E-01
  0.287591299786E+01 -0.159980639402E+02 -0.998632156437E+00  0.421203074592E+00                      0.945669353777E+00  0.257430742014E-01
  0.172777383737E+01 -0.144637920302E+02 -0.893439409910E+00  0.379468718952E+00                      0.952148772561E+00  0.231968156427E-01
  0.703401508411E+00 -0.129851648629E+02 -0.788438203615E+00  0.338869334812E+00                      0.958174170224E+00  0.207861057480E-01
 -0.173398123785E+00 -0.115772432936E+02 -0.687104082524E+00  0.300189459841E+00                      0.963693324411E+00  0.185285629949E-01
 -0.890352850909E+00 -0.102526441625E+02 -0.592074971792E+00  0.263994108676E+00                      0.968679371360E+00  0.164359080212E-01
 -0.144645528284E+01 -0.902094811953E+01 -0.505113070931E+00  0.230645182744E+00                      0.973128010869E+00  0.145142979007E-01
 -0.185022826036E+01 -0.788842965089E+01 -0.427175647993E+00  0.200329567088E+00                      0.977053377835E+00  0.127649350614E-01
 -0.211714420836E+01 -0.685809540592E+01 -0.358551981489E+00  0.173092070657E+00                      0.980483388409E+00  0.111848475108E-01
 -0.226683032393E+01 -0.592996909928E+01 -0.299026607462E+00  0.148868507678E+00                      0.983455206763E+00  0.976774476963E-02
 -0.232054266516E+01 -0.510154027012E+01 -0.248039067573E+00  0.127516097564E+00                      0.986011257495E+00  0.850487023244E-02
 -0.229918337406E+01 -0.436829484924E+01 -0.204822191319E+00  0.108839739749E+00                      0.988195996439E+00  0.738579123118E-02
 -0.222194545447E+01 -0.372425927232E+01 -0.168511149318E+00  0.926136320566E-01                      0.990053486937E+00  0.639908920200E-02
 -0.210553776914E+01 -0.316250895480E+01 -0.138222670084E+00  0.785982691429E-01                      0.991625720441E+00  0.553293129408E-02
 -0.196387433013E+01 -0.267561090722E+01 -0.113107915553E+00  0.665531939693E-01                      0.992951563827E+00  0.477551987580E-02
 -0.180809284861E+01 -0.225598620857E+01 -0.923842426285E-01  0.562460570676E-01                      0.994066197507E+00  0.411542708767E-02
 -0.164677887007E+01 -0.189618991584E+01 -0.753512764106E-01  0.474586135700E-01                      0.995000914111E+00  0.354182809340E-02
 -0.148629717734E+01 -0.158911384125E+01 -0.613960980794E-01  0.399902890608E-01                      0.995783165679E+00  0.304464971535E-02
 -0.133116035609E+01 -0.132812210376E+01 -0.499914047584E-01  0.336598973414E-01                      0.996436769798E+00  0.261465163462E-02
 -0.118438944849E+01 -0.110713127321E+01 -0.406895265451E-01  0.283060169089E-01                      0.996982207153E+00  0.224345618658E-02
 -0.104784111645E+01 -0.920647071674E+00 -0.331143342436E-01  0.237864448487E-01                      0.997436962175E+00  0.192354073649E-02
 -0.922489522630E+00 -0.763768652329E+00 -0.269523920535E-01  0.199770589409E-01                      0.997815873935E+00  0.164820422514E-02
 -0.808660070982E+00 -0.632169962077E+00 -0.219442022190E-01  0.167703386698E-01                      0.998131476233E+00  0.141151709260E-02
 -0.706217402931E+00 -0.522065977626E+00 -0.178760292450E-01  0.140737274308E-01                      0.998394314456E+00  0.120826162563E-02
 -0.614712734136E+00 -0.430169922371E+00 -0.145725483963E-01  0.118079627323E-01                      0.998613232777E+00  0.103386792869E-02
 -0.533496646020E+00 -0.353646057810E+00 -0.118904067886E-01  0.990545803278E-02                      0.998795629304E+00  0.884349212371E-03
 -0.461803483073E+00 -0.290061360431E+00 -0.971269022582E-02  0.830878753979E-02                      0.998947679394E+00  0.756238908723E-03
 -0.398813009163E+00 -0.237338356833E+00 -0.794423548012E-02  0.696930196077E-02                      0.999074528835E+00  0.646531220033E-03
 -0.343694238308E+00 -0.193710581852E+00 -0.650770152040E-02  0.584588694778E-02                      0.999180459478E+00  0.552626038997E-03
 -0.295635554951E+00 -0.157681517572E+00 -0.534030410763E-02  0.490386514716E-02                      0.999269030248E+00  0.472278697531E-03
 -0.253864474181E+00 -0.127987431018E+00 -0.439111923754E-02  0.411403591844E-02                      0.999343196501E+00  0.403554666531E-03
 -0.217659711355E+00 -0.103564221192E+00 -0.361886754207E-02  0.345184279783E-02                      0.999405410610E+00  0.344789104648E-03
 -0.186357650576E+00 -0.835181812506E-01 -0.299010103271E-02  0.289665677362E-02                      0.999457706412E+00  0.294551011631E-03
 -0.159354822662E+00 -0.671004532519E-01 -0.247772368718E-02  0.243116275959E-02                      0.999501769908E+00  0.251611658488E-03
 -0.136107616791E+00 -0.536848799612E-01 -0.205978730394E-02  0.204083682473E-02                      0.999538998296E+00  0.214916925144E-03
 -0.116130143823E+00 -0.427489242176E-01 -0.171851321848E-02  0.171350242347E-02                      0.999570549187E+00  0.183563163399E-03
 -0.989909300104E-01 -0.338573188695E-01 -0.143949863830E-02  0.143895483921E-02                      0.999597381551E+00  0.156776209088E-03
 -0.843089352796E-01 -0.266481199234E-01 -0.121107343767E-02  0.120864414739E-02                      0.999620289758E+00  0.133893185416E-03
 -0.717492494205E-01 -0.208208556363E-01 -0.102377929208E-02  0.101540812144E-02                      0.999639931829E+00  0.114346764506E-03
 -0.610187132159E-01 -0.161264900592E-01 -0.869948112256E-03  0.853247583128E-03                      0.999656852884E+00  0.976515827668E-04
 -0.518616321268E-01 -0.123589477642E-01 -0.743360968257E-03  0.717137701841E-03                      0.999671504568E+00  0.833925353971E-04
 -0.440556914921E-01 -0.934797500626E-02 -0.638972192202E-03  0.602869657084E-03                      0.999684261158E+00  0.712147046282E-04
 -0.374081394229E-01 -0.695314002831E-02 -0.552686222054E-03  0.506917888999E-03                      0.999695432888E+00  0.608147042443E-04
 -0.317522728381E-01 -0.505880081346E-02 -0.481177101041E-03  0.426328873395E-03                      0.999705276996E+00  0.519332488758E-04
 -0.269442404197E-01 -0.356989190716E-02 -0.421742464542E-03  0.358627976715E-03                      0.999714006853E+00  0.443487803138E-04
 -0.228601613580E-01 -0.240840282241E-02 -0.372185405440E-03  0.301741479793E-03                      0.999721799529E+00  0.378720045113E-04
 -0.193935488519E-01 -0.151043901236E-02 -0.330718874087E-03  0.253931316282E-03                      0.999728802042E+00  0.323412120742E-04
 -0.164530210801E-01 -0.823772563379E-03 -0.295888293975E-03  0.213740460959E-03                      0.999735136538E+00  0.276182719926E-04
 -0.139602787534E-01 -0.305803799952E-03 -0.266508903577E-03  0.179947233540E-03                      0.999740904565E+00  0.235852032900E-04
 -0.118483266320E-01  0.781328972651E-04 -0.241615005395E-03  0.151527063049E-03                      0.999746190620E+00  0.201412423336E-04
 -0.100599159720E-01  0.356175369631E-03 -0.220418844997E-03  0.127620493415E-03                      0.999751065075E+00  0.172003349490E-04
 -0.854618533512E-02  0.551099489496E-03 -0.202277280392E-03  0.107506409282E-03                      0.999755586598E+00  0.146889923863E-04
 -0.726547823997E-02  0.681284382478E-03 -0.186664755396E-03  0.905796276057E-04                      0.999759804163E+00  0.125444587674E-04
 -0.618231752759E-02  0.761510538843E-03 -0.173151375847E-03  0.763321403067E-04                      0.999763758700E+00  0.107131450652E-04
 -0.526651789910E-02  0.803618869456E-03 -0.161385117820E-03  0.643374103725E-04                      0.999767484475E+00  0.914929106567E-05
 -0.449241974187E-02  0.817054186388E-03 -0.151077382873E-03  0.542372217713E-04                      0.999771010221E+00  0.781382227771E-05
 -0.383822901642E-02  0.809312733992E-03 -0.141991265512E-03  0.457306655565E-04                      0.999774360079E+00  0.667337349934E-05
 -0.328544957602E-02  0.786310154992E-03 -0.133932019261E-03  0.385649130862E-04                      0.999777554373E+00  0.569945482036E-05
 -0.281839580219E-02  0.752683554769E-03 -0.126739305739E-03  0.325274845862E-04                      0.999780610262E+00  0.486773934005E-05
 -0.242377484193E-02  0.712039045247E-03 -0.120280890217E-03  0.274397691614E-04                      0.999783542263E+00  0.415745487549E-05
 -0.209032901785E-02  0.667154239102E-03 -0.114447511169E-03  0.231515923646E-04                      0.999786362699E+00  0.355086450568E-05
 -0.180853014779E-02  0.620143566909E-03 -0.109148703025E-03  0.195366608465E-04                      0.999789082066E+00  0.303282299660E-05
 -0.157031855744E-02  0.572592954633E-03 -0.104309393200E-03  0.164887415276E-04                      0.999791709332E+00  0.259039803548E-05
 -0.136888050437E-02  0.525669284488E-03 -0.998671283026E-04  0.139184560546E-04                      0.999794252191E+00  0.221254681397E-05
 -0.119845856086E-02  0.480209132966E-03 -0.957698118681E-04  0.117505907879E-04                      0.999796717271E+00  0.188983987742E-05
 -0.105419023441E-02  0.436790505863E-03 -0.919738581205E-04  0.992183884988E-05                      0.999799110309E+00  0.161422533637E-05
 -0.931970747653E-03  0.395790645924E-03 -0.884426842615E-04  0.837890437102E-05                      0.999801436293E+00  0.137882754272E-05
 -0.828336462108E-03  0.357432453173E-03 -0.851454783468E-04  0.707691044479E-05                      0.999803699580E+00  0.117777519419E-05
 -0.740365920564E-03  0.321821613100E-03 -0.820561916185E-04  0.597806181419E-05                      0.999805903999E+00  0.100605456585E-05
 -0.665595909789E-03  0.288976158648E-03 -0.791527137394E-04  0.505052126463E-05                      0.999808052930E+00  0.859384195800E-06
 -0.601950315137E-03  0.258849885885E-03 -0.764161971440E-04  0.426746535101E-05                      0.999810149375E+00  0.734107888582E-06
 -0.547679858757E-03  0.231350789685E-03 -0.738305030270E-04  0.360629065345E-05                      0.999812196015E+00  0.627103358469E-06
 -0.501311089419E-03  0.206355475999E-03 -0.713817466092E-04  0.304794641409E-05                      0.999814195257E+00  0.535704225962E-06
 -0.461603229974E-03  0.183720333954E-03 -0.690579234776E-04  0.257637330744E-05                      0.999816149273E+00  0.457633415265E-06
 -0.427511693228E-03  0.163290107858E-03 -0.668486021774E-04  0.217803136231E-05                      0.999818060037E+00  0.390946285854E-06
 -0.398157252667E-03  0.144904391242E-03 -0.647446709761E-04  0.184150278810E-05                      0.999819929347E+00  0.333982075006E-06
 -0.372800005167E-03  0.128402467845E-03 -0.627381289561E-04  0.155715775032E-05                      0.999821758856E+00  0.285322436245E-06
 -0.350817391734E-03  0.113626844575E-03 -0.608219134064E-04  0.131687306008E-05                      0.999823550086E+00  0.243756036331E-06
 -0.331685652548E-03  0.100425755839E-03 -0.589897569624E-04  0.111379535252E-05                      0.999825304444E+00  0.208248325130E-06
 -0.314964186702E-03  0.886548648463E-04 -0.572360691477E-04  0.942141678667E-06                      0.999827023241E+00  0.177915722186E-06
 -0.300282367300E-03  0.781783434534E-04 -0.555558379483E-04  0.797031567503E-06                      0.999828707699E+00  0.152003574421E-06
 -0.287328430947E-03  0.688694761551E-04 -0.539445478520E-04  0.674345564754E-06                      0.999830358964E+00  0.129867333772E-06
 -0.275840118872E-03  0.606109044847E-04 -0.523981114332E-04  0.570606051882E-06                      0.999831978113E+00  0.110956484158E-06
 -0.265596796423E-03  0.532946042412E-04 -0.509128120962E-04  0.482876817796E-06                      0.999833566163E+00  0.948008160120E-07
 -0.256412819707E-03  0.468216685894E-04 -0.494852560212E-04  0.408678417454E-06                      0.999835124072E+00  0.809987053050E-07
 -0.248131953847E-03  0.411019544094E-04 -0.481123317122E-04  0.345916823201E-06                      0.999836652753E+00  0.692071041987E-07
 -0.240622677618E-03  0.360536366244E-04 -0.467911758323E-04  0.292823270902E-06                      0.999838153070E+00  0.591329932278E-07
 -0.233774234861E-03  0.316027050631E-04 -0.455191442505E-04  0.247903535841E-06                      0.999839625847E+00  0.505260815029E-07
 -0.227493314841E-03  0.276824302601E-04 -0.442937874128E-04  0.209895153099E-06                      0.999841071871E+00  0.431725726193E-07
 -0.221701262091E-03  0.242328180953E-04 -0.431128293119E-04  0.177731332285E-06                      0.999842491893E+00  0.368898406054E-07
 -0.216331731871E-03  0.212000680060E-04 -0.419741494556E-04  0.150510514242E-06                      0.999843886633E+00  0.315218829963E-07
 -0.211328720526E-03  0.185360454300E-04 -0.408757673413E-04  0.127470683588E-06                      0.999845256779E+00  0.269354375362E-07
 -0.206644911139E-03  0.161977759343E-04 -0.398158290289E-04  0.107967690837E-06                      0.999846602994E+00  0.230166656039E-07
 -0.202240284278E-03  0.141469659973E-04 -0.387925954774E-04  0.914569554974E-07                      0.999847925912E+00  0.196683196071E-07
 -0.198080951575E-03  0.123495534894E-04 -0.378044323660E-04  0.774780205725E-07                      0.999849226144E+00  0.168073236871E-07
 -0.194138176530E-03  0.107752894325E-04 -0.368498011707E-04  0.656415122195E-07                      0.999850504279E+00  0.143627073927E-07
 -0.190387552619E-03  0.939735152063E-05 -0.359272513038E-04  0.556181284780E-07                      0.999851760884E+00  0.122738408000E-07
 -0.186808313503E-03  0.819198906684E-05 -0.350354131601E-04  0.471293400602E-07                      0.999852996503E+00  0.104889270761E-07
 -0.183382754168E-03  0.713819846379E-05 -0.341729919344E-04  0.399395359344E-07                      0.999854211665E+00  0.896371491510E-08
 -0.180095745182E-03  0.621742783327E-05 -0.333387621027E-04  0.338493883429E-07                      0.999855406877E+00  0.766039875657E-08
 -0.176934325117E-03  0.541330927659E-05 -0.325315624731E-04  0.286902471935E-07                      0.999856582631E+00  0.654667938681E-08
 -0.173887358554E-03  0.471141697531E-05 -0.317502917300E-04  0.243194035154E-07                      0.999857739401E+00  0.559496152036E-08
 -0.170945249116E-03  0.409904931283E-05 -0.309939044058E-04  0.206160867356E-07                      0.999858877645E+00  0.478166837737E-08
 -0.168099698666E-03  0.356503316869E-05 -0.302614072249E-04  0.174780816664E-07                      0.999859997808E+00  0.408665618903E-08
 -0.165343505219E-03  0.309954856346E-05 -0.295518557755E-04  0.148188689093E-07                      0.999861100319E+00  0.349271405475E-08
 -0.162670393330E-03  0.269397189052E-05 -0.288643514669E-04  0.125652074019E-07                      0.999862185593E+00  0.298513670202E-08
 -0.160074871701E-03  0.234073605062E-05 -0.281980387409E-04  0.106550905035E-07                      0.999863254032E+00  0.255135951671E-08
 -0.157552113627E-03  0.203320590041E-05 -0.275521025087E-04  0.903601770009E-08                      0.999864306027E+00  0.218064676302E-08
 -0.155097856575E-03  0.176556752848E-05 -0.269257657865E-04  0.766353302428E-08                      0.999865341954E+00  0.186382523711E-08
 -0.152708317814E-03  0.153272997962E-05 -0.263182875116E-04  0.649998889121E-08                      0.999866362180E+00  0.159305673032E-08
 -0.150380123496E-03  0.133023815556E-05 -0.257289605185E-04  0.551350046918E-08                      0.999867367060E+00  0.136164364376E-08
 -0.148110249013E-03  0.115419572581E-05 -0.251571096600E-04  0.467706112117E-08                      0.999868356938E+00  0.116386292185E-08
 -0.145895968813E-03  0.100119698429E-05 -0.246020900596E-04  0.396779402537E-08                      0.999869332148E+00  0.994824176814E-09
 -0.143734814135E-03  0.868266684488E-06 -0.240632854825E-04  0.336631894315E-08                      0.999870293013E+00  0.850348478497E-09
 -0.141624537398E-03  0.752806977403E-06 -0.235401068155E-04  0.285621636192E-08                      0.999871239849E+00  0.726864797726E-09
 -0.139563082158E-03  0.652550661891E-06 -0.230319906453E-04  0.242357399296E-08                      0.999872172960E+00  0.621321530795E-09
 -0.137548557741E-03  0.565520036257E-06 -0.225383979279E-04  0.205660292857E-08                      0.999873092643E+00  0.531110907600E-09
 -0.135579217799E-03  0.489990712879E-06 -0.220588127408E-04  0.174531272646E-08                      0.999873999187E+00  0.454004406337E-09
 -0.133653442156E-03  0.424459824486E-06 -0.215927411124E-04  0.148123634823E-08                      0.999874892869E+00  0.388097571327E-09
 -0.131769721409E-03  0.367618111620E-06 -0.211397099218E-04  0.125719727994E-08                      0.999875773963E+00  0.331762864204E-09
 -0.129926643861E-03  0.318325436189E-06 -0.206992658642E-04  0.106711234744E-08                      0.999876642733E+00  0.283609378389E-09
 -0.128122884389E-03  0.275589316084E-06 -0.202709744768E-04  0.905824739626E-09                      0.999877499436E+00  0.242448417246E-09
 -0.126357194960E-03  0.238546120991E-06 -0.198544192214E-04  0.768962598933E-09                      0.999878344320E+00  0.207264082014E-09
 -0.124628396516E-03  0.206444610195E-06 -0.194492006189E-04  0.652819253445E-09                      0.999879177630E+00  0.177188139995E-09
 -0.122935372026E-03  0.178631529552E-06 -0.190549354326E-04  0.554251769413E-09                      0.999879999602E+00  0.151478549790E-09
 -0.121277060505E-03  0.154539017479E-06 -0.186712558974E-04  0.470595014263E-09                      0.999880810465E+00  0.129501111161E-09
 -0.119652451865E-03  0.133673598905E-06 -0.182978089912E-04  0.399588852329E-09                      0.999881610443E+00  0.110713784626E-09
 -0.118060582457E-03  0.115606572087E-06 -0.179342557458E-04  0.339316461127E-09                      0.999882399754E+00  0.946532921857E-10
 -0.116500531199E-03  0.999656162939E-07 -0.175802705956E-04  0.288152065132E-09                      0.999883178609E+00  0.809236671581E-10
 -0.114971416199E-03  0.864274688802E-07 -0.172355407601E-04  0.244716645563E-09                      0.999883947216E+00  0.691864694477E-10
 -0.113472391809E-03  0.747115384533E-07 -0.168997656606E-04  0.207840405937E-09                      0.999884705775E+00  0.591524238894E-10
 -0.112002646024E-03  0.645743369592E-07 -0.165726563656E-04  0.176530960307E-09                      0.999885454482E+00  0.505742745918E-10
 -0.110561398190E-03  0.558046277579E-07 -0.162539350671E-04  0.149946369543E-09                      0.999886193528E+00  0.432406783521E-10
 -0.109147896975E-03  0.482191993515E-07 -0.159433345822E-04  0.127372285004E-09                      0.999886923098E+00  0.369709859718E-10
 -0.107761418556E-03  0.416591855360E-07 -0.156405978815E-04  0.108202572416E-09                      0.999887643374E+00  0.316107823062E-10
 -0.106401264996E-03  0.359868625391E-07 -0.153454776404E-04  0.919228847825E-10                      0.999888354532E+00  0.270280746822E-10
 -0.105066762787E-03  0.310828623300E-07 -0.150577358140E-04  0.780967344338E-10                      0.999889056744E+00  0.231100353786E-10
 -0.103757261532E-03  0.268437488734E-07 -0.147771432329E-04  0.663536831091E-10                      0.999889750177E+00  0.197602175901E-10
 -0.102472132748E-03  0.231799107653E-07 -0.145034792183E-04  0.563793272544E-10                      0.999890434996E+00  0.168961760179E-10
 -0.101210768770E-03  0.200137295481E-07 -0.142365312179E-04  0.479068050173E-10                      0.999891111360E+00  0.144474332503E-10
 -0.999725817579E-04  0.172779881379E-07 -0.139760944578E-04  0.407095932062E-10                      0.999891779425E+00  0.123537416565E-10
 -0.987570027693E-04  0.149144883061E-07 -0.137219716122E-04  0.345953978491E-10                      0.999892439342E+00  0.105635978294E-10
 -0.975634809141E-04  0.128728501058E-07 -0.134739724897E-04  0.294009719536E-10                      0.999893091260E+00  0.903297286410E-11
 -0.963914825641E-04  0.111094695907E-07 -0.132319137330E-04  0.249877194440E-10                      0.999893735323E+00  0.772422709764E-11
 -0.952404906208E-04  0.958661420290E-08 -0.129956185348E-04  0.212379657510E-10                      0.999894371672E+00  0.660518249908E-11
 -0.941100038302E-04  0.827163785171E-08 -0.127649163657E-04  0.180517937444E-10                      0.999895000445E+00  0.564832979751E-11
 -0.929995361423E-04  0.713630002005E-08 -0.125396427161E-04  0.153443591256E-10                      0.999895621776E+00  0.483015076741E-11
 -0.919086161088E-04  0.615617525686E-08 -0.123196388493E-04  0.130436124772E-10                      0.999896235798E+00  0.413053893754E-11
 -0.908367863170E-04  0.531014117909E-08 -0.121047515663E-04  0.110883662421E-10                      0.999896842637E+00  0.353230442275E-11
 -0.897836028544E-04  0.457993464781E-08 -0.118948329822E-04  0.942665429629E-11                      0.999897442420E+00  0.302075065641E-11
 -0.887486348034E-04  0.394976712683E-08 -0.116897403119E-04  0.801433973858E-11                      0.999898035269E+00  0.258331257838E-11
 -0.877314637619E-04  0.340599140455E-08 -0.114893356662E-04  0.681393326251E-11                      0.999898621303E+00  0.220924735118E-11
 -0.867316833882E-04  0.293681288079E-08 -0.112934858570E-04  0.579359019657E-11                      0.999899200639E+00  0.188936997463E-11
 -0.857488989689E-04  0.253203951083E-08 -0.111020622114E-04  0.492625914402E-11                      0.999899773391E+00  0.161582727796E-11
 -0.847827270063E-04  0.218286527355E-08 -0.109149403939E-04  0.418895926348E-11                      0.999900339671E+00  0.138190471600E-11
 -0.838327948265E-04  0.188168270528E-08 -0.107320002372E-04  0.356216671544E-11                      0.999900899589E+00  0.118186120580E-11
 -0.828987402036E-04  0.162192062829E-08 -0.105531255795E-04  0.302929375416E-11                      0.999901453250E+00  0.101078793208E-11
 -0.819802110023E-04  0.139790371337E-08 -0.103782041101E-04  0.257624644938E-11                      0.999902000758E+00  0.864487641517E-12
 -0.810768648348E-04  0.120473096023E-08 -0.102071272207E-04  0.219104914697E-11                      0.999902542217E+00  0.739371451382E-12
 -0.801883687325E-04  0.103817056536E-08 -0.100397898646E-04  0.186352557913E-11                      0.999903077725E+00  0.632370629840E-12
 -0.793143988323E-04  0.894568982870E-09 -0.987609042005E-05  0.158502806314E-11                      0.999903607381E+00  0.540861174877E-12
 -0.784546400746E-04  0.770772274822E-09 -0.971593056179E-05  0.134820752388E-11                      0.999904131279E+00  0.462599334117E-12
 -0.776087859147E-04  0.664058101276E-09 -0.955921513623E-05  0.114681817490E-11                      0.999904649513E+00  0.395666477699E-12
 -0.767765380446E-04  0.572076919680E-09 -0.940585204297E-05  0.975551625563E-12                      0.999905162174E+00  0.338421966865E-12
 -0.759576061268E-04  0.492801154257E-09 -0.925575212112E-05  0.829895973357E-12                      0.999905669352E+00  0.289462858048E-12
 -0.751517075380E-04  0.424481261565E-09 -0.910882904040E-05  0.706016111784E-12                      0.999906171134E+00  0.247589450621E-12
 -0.743585671225E-04  0.365607762073E-09 -0.896499919681E-05  0.600652054087E-12                      0.999906667607E+00  0.211775830493E-12
 -0.735779169555E-04  0.314878432174E-09 -0.882418161277E-05  0.511032556467E-12                      0.999907158853E+00  0.181144684779E-12
 -0.728094961149E-04  0.271169959139E-09 -0.868629784132E-05  0.434801734787E-12                      0.999907644954E+00  0.154945767976E-12
 -0.720530504619E-04  0.233513455150E-09 -0.855127187435E-05  0.369956716903E-12                      0.999908125992E+00  0.132537489982E-12
 -0.713083324295E-04  0.201073307771E-09 -0.841903005460E-05  0.314794668310E-12                      0.999908602045E+00  0.113371173179E-12
 -0.705751008191E-04  0.173128914533E-09 -0.828950099123E-05  0.267867779624E-12                      0.999909073190E+00  0.969775914791E-13
 -0.698531206043E-04  0.149058910305E-09 -0.816261547893E-05  0.227945017321E-12                      0.999909539503E+00  0.829554604181E-13
 -0.691421627419E-04  0.128327548872E-09 -0.803830642022E-05  0.193979619902E-12                      0.999910001056E+00  0.709615953774E-13
 -0.684420039893E-04  0.110472945901E-09 -0.791650875095E-05  0.165081475090E-12                      0.999910457924E+00  0.607024960706E-13
 -0.677524267293E-04  0.950982964467E-10 -0.779715936875E-05  0.140496925320E-12                      0.999910910177E+00  0.519271505060E-13
 -0.670732188002E-04  0.818574515215E-10 -0.768019706438E-05  0.119575199881E-12                      0.999911357885E+00  0.444208816362E-13
 -0.664041733322E-04  0.704561796235E-10 -0.756556245579E-05  0.101772686975E-12                      0.999911801115E+00  0.380000855462E-13